0.4	0	0	0	0.4	0
0.398002	0.0399255	0.0100313	0.0399334	0.397994	0.0103124
0.392027	0.0794362	0.0201247	0.0794677	0.391995	0.0206155
0.382135	0.118137	0.0302783	0.118208	0.382063	0.0308998
0.368424	0.155641	0.0404889	0.155767	0.368297	0.0411567
0.351033	0.191572	0.0507523	0.19177	0.350834	0.0513774
0.330134	0.225572	0.0610631	0.225857	0.329848	0.0615543
0.305937	0.257299	0.0714149	0.257687	0.305548	0.0716801
0.278683	0.286434	0.0818004	0.286942	0.278175	0.0817485
0.248644	0.312687	0.0922114	0.313331	0.248002	0.0917544
0.216121	0.335793	0.102639	0.336588	0.215329	0.101693
0.181438	0.35552	0.113074	0.356483	0.180482	0.111563
0.144943	0.371669	0.123507	0.372816	0.143806	0.12136
0.107	0.384077	0.133926	0.385423	0.105667	0.131085
0.0679869	0.392618	0.144323	0.39418	0.0664442	0.140739
0.0282949	0.397204	0.154688	0.398998	0.0265267	0.150323
-0.0116798	0.397788	0.165009	0.399829	-0.0136884	0.159841
-0.0515378	0.394362	0.175278	0.396666	-0.0538018	0.169297
-0.0908808	0.386957	0.185486	0.389539	-0.0934151	0.178698
-0.129316	0.375644	0.195624	0.37852	-0.132135	0.18805
-0.166459	0.360534	0.205686	0.363719	-0.169578	0.197362
-0.201938	0.341775	0.215663	0.345284	-0.205373	0.206643
-0.2354	0.319551	0.225552	0.323399	-0.239165	0.215902
-0.26651	0.294081	0.235348	0.298282	-0.270619	0.225151
-0.294957	0.265616	0.245047	0.270185	-0.299426	0.234401
-0.320457	0.234437	0.25465	0.239389	-0.325302	0.243663
-0.342756	0.200851	0.264154	0.206201	-0.34799	0.252951
-0.361629	0.165191	0.273562	0.170952	-0.36727	0.262275
-0.376889	0.127809	0.282877	0.133995	-0.382952	0.271649
-0.388383	0.0890737	0.292103	0.0956997	-0.394884	0.281084
-0.395997	0.049368	0.301246	0.056448	-0.402952	0.290592
-0.399654	0.00908424	0.310313	0.0166323	-0.407079	0.300184
-0.399318	-0.0313798	0.319313	-0.0233497	-0.407229	0.309869
-0.394992	-0.0716248	0.328255	-0.0630983	-0.403407	0.319658
-0.386719	-0.111254	0.337151	-0.102216	-0.395655	0.329559
-0.374583	-0.149875	0.346013	-0.140313	-0.384056	0.339578
-0.358703	-0.18711	0.354855	-0.177008	-0.368732	0.349721
-0.33924	-0.22259	0.363689	-0.211934	-0.349842	0.359992
-0.316387	-0.255968	0.372531	-0.244743	-0.32758	0.370395
-0.290373	-0.286916	0.381396	-0.275106	-0.302175	0.380929
-0.261457	-0.31513	0.390299	-0.302721	-0.273887	0.391594
-0.22993	-0.340335	0.399255	-0.327311	-0.243004	0.402389
-0.196104	-0.362286	0.408279	-0.34863	-0.209843	0.413307
-0.16032	-0.38077	0.417387	-0.366466	-0.17474	0.424344
-0.122933	-0.395608	0.426593	-0.380641	-0.138054	0.435492
-0.0843183	-0.406661	0.43591	-0.391012	-0.100159	0.446741
-0.044861	-0.413824	0.44535	-0.397476	-0.0614388	0.458081
-0.00495547	-0.417034	0.454927	-0.399969	-0.0222888	0.469497
0.0349996	-0.416265	0.464649	-0.398466	0.0168926	0.480978
0.0746049	-0.411534	0.474525	-0.392981	0.0557066	0.492507
0.113465	-0.402894	0.484564	-0.38357	0.0937575	0.504067
0.151191	-0.390442	0.494769	-0.370326	0.130658	0.515643
0.187407	-0.374308	0.505146	-0.353382	0.16603	0.527215
0.22175	-0.354663	0.515695	-0.332907	0.199514	0.538765
0.253877	-0.331712	0.526416	-0.309106	0.230765	0.550274
0.283468	-0.305692	0.537307	-0.282216	0.259465	0.561722
0.310226	-0.276872	0.548362	-0.252507	0.285317	0.573092
0.333885	-0.24555	0.559577	-0.220274	0.308055	0.584364
0.354208	-0.212047	0.570941	-0.185841	0.327442	0.59552
0.370991	-0.176706	0.582443	-0.149551	0.343277	0.606544
0.384068	-0.139892	0.594072	-0.111766	0.355393	0.617418
0.393307	-0.10198	0.605813	-0.072865	0.363658	0.628127
0.398617	-0.0633599	0.617649	-0.0332358	0.367981	0.638659
0.399943	-0.0244266	0.629562	0.00672556	0.368311	0.649001
0.397274	0.0144208	0.641534	0.0466197	0.364633	0.659143
0.390635	0.0527841	0.653543	0.086048	0.356975	0.669078
0.380093	0.09027	0.665568	0.124617	0.345404	0.678798
0.365753	0.126494	0.677587	0.16194	0.330025	0.688301
0.347759	0.161083	0.689577	0.197645	0.310982	0.697586
0.32629	0.193681	0.701514	0.231376	0.288456	0.706653
0.301561	0.223952	0.713377	0.262795	0.26266	0.715506
0.273819	0.251583	0.725141	0.291588	0.233842	0.724151
0.243341	0.276287	0.736784	0.317467	0.202279	0.732597
0.210431	0.297806	0.748285	0.340175	0.168276	0.740854
0.175419	0.315914	0.759622	0.359483	0.132161	0.748936
0.138654	0.330419	0.770778	0.3752	0.0942831	0.756859
0.100504	0.341164	0.781733	0.387168	0.0550104	0.76464
0.0613495	0.348031	0.792471	0.395267	0.0147232	0.7723
0.0215822	0.350939	0.802979	0.399417	-0.0261878	0.779859
-0.0184009	0.349848	0.813245	0.399577	-0.0673259	0.787341
-0.0582	0.344756	0.823259	0.395743	-0.108292	0.79477
-0.0974177	0.335703	0.833015	0.387956	-0.14869	0.802173
-0.135662	0.322766	0.842507	0.376292	-0.188128	0.809575
-0.172551	0.306063	0.851735	0.360869	-0.226225	0.817004
-0.207715	0.285747	0.860699	0.34184	-0.262614	0.824488
-0.240805	0.26201	0.869404	0.319395	-0.296943	0.832053
-0.271488	0.235075	0.877858	0.293759	-0.328884	0.839727
-0.299459	0.205199	0.886069	0.265188	-0.358131	0.847536
-0.324437	0.172667	0.894051	0.233967	-0.384405	0.855507
-0.346174	0.13779	0.901819	0.200408	-0.407459	0.863663
-0.364452	0.100904	0.909392	0.164847	-0.427075	0.872028
-0.379089	0.0623632	0.916789	0.127639	-0.443072	0.880622
-0.389937	0.0225389	0.924035	0.089156	-0.455306	0.889465
-0.39689	-0.0181852	0.931154	0.0497818	-0.463667	0.898574
-0.399877	-0.0594165	0.938173	0.00991017	-0.468089	0.907962
-0.398869	-0.100757	0.94512	-0.0300604	-0.468541	0.917641
-0.393875	-0.14181	0.952025	-0.0697307	-0.465034	0.927621
-0.384946	-0.182179	0.95892	-0.108704	-0.45762	0.937906
-0.372171	-0.221475	0.965835	-0.146592	-0.446387	0.948499
-0.355676	-0.259322	0.972803	-0.183014	-0.431463	0.959398
-0.335629	-0.295358	0.979856	-0.217608	-0.413014	0.970601
-0.312227	-0.329237	0.987024	-0.250028	-0.39124	0.982098
-0.285706	-0.360637	0.99434	-0.27995	-0.366375	0.99388
-0.256331	-0.389261	1.00183	-0.307074	-0.338683	1.00593
-0.224394	-0.414839	1.00953	-0.331131	-0.308458	1.01824
-0.190215	-0.437132	1.01746	-0.351878	-0.276017	1.03077
-0.154135	-0.455934	1.02565	-0.36911	-0.241703	1.04352
-0.116516	-0.471074	1.03412	-0.382654	-0.205874	1.05645
-0.077732	-0.482418	1.0429	-0.392374	-0.168906	1.06954
-0.0381715	-0.48987	1.05198	-0.398175	-0.131184	1.08275
0.00177028	-0.493373	1.0614	-0.399996	-0.0931033	1.09605
0.0416944	-0.492909	1.07117	-0.397821	-0.0550613	1.10942
0.0812019	-0.488502	1.08128	-0.391671	-0.0174553	1.1228
0.119898	-0.480213	1.09175	-0.381608	0.0193215	1.13618
0.157396	-0.468142	1.10257	-0.367731	0.054884	1.1495
0.193322	-0.45243	1.11375	-0.350181	0.0888594	1.16275
0.227316	-0.433251	1.12526	-0.329131	0.12089	1.17586
0.259039	-0.410816	1.13711	-0.304793	0.150639	1.18883
0.288173	-0.385368	1.14928	-0.27741	0.17779	1.2016
0.314428	-0.357179	1.16175	-0.247255	0.202055	1.21414
0.337542	-0.32655	1.17449	-0.214629	0.223172	1.22643
0.357282	-0.293807	1.18749	-0.179859	0.240913	1.23843
0.373453	-0.259296	1.20071	-0.143292	0.255081	1.25012
0.385893	-0.22338	1.21412	-0.105293	0.265517	1.26147
0.394477	-0.186439	1.22769	-0.0662417	0.272098	1.27247
0.399119	-0.148861	1.24139	-0.0265288	0.27474	1.28309
0.399774	-0.11104	1.25517	0.0134492	0.273396	1.29332
0.396434	-0.0733748	1.269	0.0532928	0.268062	1.30315
0.389133	-0.0362612	1.28283	0.0926039	0.258772	1.31258
0.377944	-8.9976e-05	1.29663	0.13099	0.245599	1.3216
0.362979	0.0347576	1.31036	0.168067	0.228655	1.33021
0.344387	0.0679132	1.32397	0.203465	0.208091	1.33843
0.322354	0.0990253	1.33742	0.236829	0.184091	1.34626
0.2971	0.127763	1.35067	0.267828	0.156875	1.35372
0.268877	0.153819	1.36369	0.29615	0.126696	1.36082
0.237968	0.176911	1.37644	0.321514	0.0938346	1.3676
0.204682	0.19679	1.38888	0.343665	0.0585983	1.37407
0.16935	0.213235	1.40098	0.362382	0.0213186	1.38026
0.132326	0.226062	1.41272	0.377478	-0.0176529	1.38622
0.0939799	0.235122	1.42407	0.388803	-0.057948	1.39197
0.0546949	0.240302	1.43501	0.396243	-0.0991855	1.39755
0.0148634	0.24153	1.44552	0.399724	-0.140975	1.40301
-0.0251167	0.238773	1.45559	0.399211	-0.182921	1.40839
-0.0648458	0.232037	1.46521	0.394709	-0.224625	1.41374
-0.103927	0.221367	1.47438	0.386263	-0.265695	1.41909
-0.14197	0.206848	1.48309	0.373958	-0.305741	1.42449
-0.178594	0.188604	1.49135	0.357916	-0.344387	1.43
-0.213434	0.166794	1.49917	0.338299	-0.381269	1.43565
-0.246141	0.141615	1.50657	0.315301	-0.416042	1.44149
-0.276389	0.113296	1.51356	0.289153	-0.448381	1.44757
-0.303875	0.0820968	1.52017	0.260115	-0.477988	1.45391
-0.328325	0.0483065	1.52642	0.228479	-0.50459	1.46058
-0.349495	0.0122398	1.53235	0.194559	-0.527946	1.46759
-0.367172	-0.0257662	1.53799	0.158696	-0.547846	1.47498
-0.381181	-0.065355	1.54338	0.121247	-0.564117	1.48279
-0.391381	-0.106155	1.54856	0.082587	-0.576619	1.49104
-0.397671	-0.147782	1.55358	0.0431015	-0.585253	1.49974
-0.399987	-0.189844	1.55848	0.00318527	-0.589959	1.50892
-0.398307	-0.231946	1.56331	-0.0367627	-0.590713	1.51859
-0.392647	-0.273691	1.56813	-0.0763434	-0.587533	1.52875
-0.383064	-0.314686	1.57297	-0.115161	-0.580478	1.53941
-0.369653	-0.354548	1.57789	-0.152829	-0.569643	1.55056
-0.352549	-0.392903	1.58295	-0.188969	-0.555163	1.56221
-0.331922	-0.429394	1.58819	-0.223221	-0.537207	1.57432
-0.307979	-0.463681	1.59366	-0.255243	-0.515981	1.58689
-0.280959	-0.495448	1.5994	-0.284714	-0.491725	1.59989
-0.251131	-0.524404	1.60547	-0.311341	-0.464705	1.61329
-0.218794	-0.550286	1.6119	-0.334857	-0.435219	1.62707
-0.184271	-0.572861	1.61873	-0.355027	-0.403588	1.64118
-0.147907	-0.591931	1.62599	-0.37165	-0.370154	1.65559
-0.110065	-0.607332	1.63372	-0.384559	-0.335279	1.67024
-0.0711236	-0.618938	1.64194	-0.393626	-0.299337	1.6851
-0.0314713	-0.62666	1.65067	-0.39876	-0.262714	1.70011
0.00849552	-0.630449	1.65993	-0.39991	-0.225804	1.71522
0.0483774	-0.630294	1.66973	-0.397064	-0.189001	1.73038
0.087776	-0.626225	1.68007	-0.39025	-0.152702	1.74553
0.126298	-0.61831	1.69096	-0.379538	-0.117295	1.76062
0.163557	-0.606657	1.70239	-0.365033	-0.0831613	1.77559
0.199182	-0.591411	1.71434	-0.346881	-0.0506697	1.79039
0.232818	-0.572752	1.7268	-0.325263	-0.0201719	1.80496
0.264127	-0.550896	1.73976	-0.300395	0.00799983	1.81926
0.292797	-0.526089	1.75317	-0.272526	0.0335366	1.83322
0.318541	-0.498608	1.76701	-0.241933	0.0561558	1.84681
0.341103	-0.468757	1.78124	-0.208923	0.0756037	1.85998
0.360256	-0.436863	1.79582	-0.173826	0.0916582	1.87269
0.37581	-0.403273	1.8107	-0.136992	0.104131	1.88491
0.387609	-0.368353	1.82584	-0.0987895	0.11287	1.8966
0.395535	-0.33248	1.84117	-0.0595996	0.117759	1.90774
0.399509	-0.296043	1.85665	-0.0198143	0.118722	1.91831
0.399491	-0.259435	1.87222	0.0201691	0.11572	1.92829
0.395482	-0.22305	1.88781	0.0599509	0.108756	1.93767
0.387521	-0.187283	1.90338	0.0991337	0.0978692	1.94646
0.375688	-0.152519	1.91885	0.137326	0.083141	1.95464
0.360102	-0.119136	1.93418	0.174146	0.0646893	1.96224
0.340917	-0.0874971	1.94929	0.209226	0.0426693	1.96926
0.318326	-0.0579482	1.96413	0.242216	0.0172719	1.97574
0.292554	-0.0308142	1.97865	0.272785	-0.0112787	1.98168
0.26386	-0.00639607	1.9928	0.300629	-0.0427269	1.98713
0.232529	0.0150322	2.00652	0.325469	-0.0767882	1.99213
0.198874	0.0332266	2.01976	0.347058	-0.113152	1.99671
0.163233	0.0479751	2.0325	0.365178	-0.151486	2.00092
0.12596	0.0591002	2.04469	0.37965	-0.191438	2.00482
0.0874293	0.0664604	2.05629	0.390328	-0.232638	2.00846
0.0480248	0.0699519	2.06729	0.397107	-0.274707	2.0119
0.00814034	0.0695091	2.07767	0.399917	-0.317255	2.0152
-0.0318254	0.0651059	2.0874	0.398732	-0.359888	2.01841
-0.0714732	0.0567554	2.09649	0.393563	-0.402213	2.02162
-0.110407	0.0445101	2.10493	0.384461	-0.443839	2.02487
-0.148237	0.0284613	2.11273	0.371518	-0.484381	2.02824
-0.184587	0.00873812	2.11989	0.354863	-0.523468	2.03179
-0.219092	-0.0144939	2.12645	0.334662	-0.560741	2.03558
-0.251408	-0.0410343	2.13242	0.311118	-0.595861	2.03967
-0.281212	-0.0706497	2.13783	0.284464	-0.628511	2.04413
-0.308206	-0.103076	2.14273	0.254969	-0.658397	2.049
-0.33212	-0.138022	2.14715	0.222926	-0.685255	2.05434
-0.352717	-0.175171	2.15114	0.188656	-0.708851	2.0602
-0.369789	-0.214184	2.15476	0.1525	-0.728983	2.06662
-0.383166	-0.254704	2.15806	0.114821	-0.745484	2.07364
-0.392715	-0.296361	2.1611	0.0759947	-0.758223	2.08128
-0.39834	-0.33877	2.16395	0.036409	-0.76711	2.08957
-0.399984	-0.381542	2.16667	-0.00354052	-0.772088	2.09854
-0.397633	-0.424284	2.16933	-0.0434546	-0.773145	2.10819
-0.391308	-0.466603	2.17199	-0.0829346	-0.770305	2.11853
-0.381073	-0.50811	2.17474	-0.121586	-0.763631	2.12955
-0.367031	-0.548425	2.17764	-0.159022	-0.753227	2.14125
-0.349322	-0.587181	2.18076	-0.19487	-0.73923	2.15362
-0.328122	-0.624026	2.18415	-0.22877	-0.721819	2.16662
-0.303644	-0.658627	2.1879	-0.260385	-0.701201	2.18023
-0.276132	-0.690674	2.19206	-0.289398	-0.67762	2.19442
-0.245861	-0.719883	2.19668	-0.315519	-0.651347	2.20914
-0.213133	-0.745999	2.20183	-0.338488	-0.622681	2.22434
-0.178276	-0.768796	2.20755	-0.358075	-0.591945	2.23997
-0.141638	-0.788084	2.21388	-0.374084	-0.559482	2.25598
-0.103584	-0.803707	2.22086	-0.386355	-0.525652	2.27229
-0.0644952	-0.815546	2.22853	-0.394766	-0.490832	2.28885
-0.0247621	-0.82352	2.2369	-0.399233	-0.455404	2.30558
0.0152184	-0.827588	2.24599	-0.39971	-0.419759	2.32242
0.0550468	-0.827745	2.25582	-0.396194	-0.384291	2.33928
0.0943252	-0.824028	2.26638	-0.388719	-0.349389	2.3561
0.132661	-0.816513	2.27768	-0.377361	-0.315441	2.3728
0.169672	-0.805312	2.28969	-0.362231	-0.282821	2.38931
0.204987	-0.790575	2.30241	-0.343483	-0.251892	2.40555
0.238254	-0.772489	2.31579	-0.321302	-0.223	2.42145
0.26914	-0.751273	2.32982	-0.295911	-0.19647	2.43695
0.297337	-0.727176	2.34444	-0.267564	-0.172605	2.45198
0.322564	-0.700479	2.35961	-0.236543	-0.15168	2.46648
0.344567	-0.671486	2.37529	-0.203159	-0.133941	2.4804
0.363128	-0.640526	2.39139	-0.167744	-0.119602	2.49368
0.37806	-0.607948	2.40788	-0.130654	-0.108844	2.50629
0.389215	-0.574116	2.42467	-0.0922583	-0.101811	2.51818
0.396481	-0.539406	2.44169	-0.0529407	-0.0986112	2.52932
0.399786	-0.504205	2.45887	-0.0130942	-0.0993137	2.5397
0.399096	-0.468902	2.47614	0.0268832	-0.103949	2.54929
0.394418	-0.433891	2.49341	0.066592	-0.112509	2.55809
0.385799	-0.399559	2.5106	0.105635	-0.124946	2.56609
0.373326	-0.366289	2.52764	0.143623	-0.141173	2.57331
0.357123	-0.334452	2.54445	0.180176	-0.161066	2.57977
0.337351	-0.304405	2.56094	0.214929	-0.184466	2.58547
0.314208	-0.276488	2.57706	0.247534	-0.211176	2.59047
0.287926	-0.251019	2.59272	0.277666	-0.240969	2.59479
0.258768	-0.228291	2.60786	0.305023	-0.273587	2.59848
0.227023	-0.208571	2.62241	0.329333	-0.308741	2.6016
0.193011	-0.192096	2.63633	0.350352	-0.346121	2.6042
0.15707	-0.179069	2.64956	0.367871	-0.385393	2.60635
0.119559	-0.169659	2.66205	0.381714	-0.426205	2.60811
0.080854	-0.164002	2.67377	0.391743	-0.468188	2.60957
0.0413411	-0.162191	2.68469	0.397858	-0.510964	2.61079
0.00141502	-0.164287	2.69479	0.399997	-0.554146	2.61186
-0.0385252	-0.170306	2.70405	0.39814	-0.597344	2.61287
-0.0780804	-0.180231	2.71247	0.392305	-0.640168	2.61388
-0.116856	-0.194	2.72006	0.38255	-0.682231	2.615
-0.154463	-0.211518	2.72681	0.368973	-0.723154	2.6163
-0.190527	-0.232649	2.73276	0.351709	-0.762572	2.61786
-0.224688	-0.257224	2.73793	0.330931	-0.800133	2.61977
-0.256603	-0.285037	2.74235	0.306847	-0.835503	2.62209
-0.285955	-0.315852	2.74608	0.279696	-0.868374	2.62492
-0.312449	-0.349402	2.74916	0.249751	-0.898459	2.62831
-0.335822	-0.385394	2.75165	0.21731	-0.925501	2.63232
-0.355839	-0.42351	2.75362	0.182698	-0.949275	2.63702
-0.372301	-0.463411	2.75513	0.146261	-0.969585	2.64246
-0.385042	-0.504741	2.75626	0.108362	-0.986275	2.64868
-0.393937	-0.54713	2.75709	0.0693809	-0.999221	2.65572
-0.398895	-0.590196	2.75771	0.0297062	-1.00834	2.6636
-0.399868	-0.633553	2.75819	-0.0102653	-1.01358	2.67235
-0.396846	-0.676811	2.75863	-0.0501343	-1.01494	2.68197
-0.389858	-0.719582	2.75911	-0.0895023	-1.01245	2.69248
-0.378975	-0.761482	2.75973	-0.127976	-1.00618	2.70385
-0.364306	-0.802137	2.76057	-0.165171	-0.996239	2.71609
-0.345996	-0.841186	2.76172	-0.200716	-0.982769	2.72915
-0.324229	-0.878283	2.76326	-0.234255	-0.965952	2.74302
-0.299223	-0.913102	2.76527	-0.265454	-0.946	2.75765
-0.271227	-0.945342	2.76783	-0.294	-0.923161	2.77298
-0.240521	-0.974725	2.771	-0.319609	-0.897706	2.78897
-0.207412	-1.00101	2.77486	-0.342024	-0.869938	2.80555
-0.17223	-1.02396	2.77947	-0.361022	-0.840179	2.82265
-0.135328	-1.04342	2.78486	-0.376413	-0.808772	2.84019
-0.0970731	-1.05923	2.7911	-0.388042	-0.776078	2.8581
-0.0578485	-1.07127	2.7982	-0.395795	-0.742468	2.87628
-0.018046	-1.07948	2.80621	-0.399593	-0.708325	2.89465
0.0219369	-1.08382	2.81513	-0.399398	-0.674036	2.91312
0.0617006	-1.08429	2.82498	-0.395213	-0.63999	2.93159
0.100848	-1.08094	2.83575	-0.387078	-0.606573	2.94997
0.138987	-1.07385	2.84744	-0.375077	-0.574164	2.96817
0.175738	-1.06313	2.86003	-0.359327	-0.543134	2.9861
0.210733	-1.04895	2.87348	-0.339988	-0.513838	3.00366
0.243622	-1.03149	2.88776	-0.317251	-0.486616	3.02077
0.274078	-1.01097	2.90283	-0.291344	-0.461786	3.03735
0.301794	-0.987654	2.91862	-0.262527	-0.439641	3.05331
0.326495	-0.961813	2.93508	-0.231086	-0.420449	3.06859
0.347934	-0.933757	2.95214	-0.197336	-0.404449	3.08311
0.365897	-0.903815	2.96972	-0.161615	-0.391845	3.09683
0.380204	-0.872334	2.98774	-0.124279	-0.382811	3.10968
0.390711	-0.839677	3.00611	-0.085701	-0.377482	3.12163
0.397315	-0.806219	3.02474	-0.0462668	-0.37596	3.13264
0.399949	-0.772343	3.04354	-0.00637035	-0.378304	3.14268
0.398587	-0.738435	3.06241	0.0335898	-0.384539	3.15175
0.393243	-0.704882	3.08125	0.0732143	-0.39465	3.15982
0.383969	-0.672068	3.09997	0.112107	-0.408581	3.16692
0.370858	-0.64037	3.11846	0.14988	-0.426241	3.17305
0.354043	-0.610152	3.13663	0.186155	-0.447501	3.17824
0.333689	-0.581765	3.15439	0.220571	-0.472196	3.18251
0.310002	-0.55554	3.17165	0.252782	-0.500127	3.18592
0.283217	-0.531788	3.18832	0.282468	-0.531062	3.18851
0.253603	-0.510795	3.20432	0.309331	-0.564741	3.19034
0.221454	-0.492818	3.21958	0.333104	-0.600876	3.19149
0.187093	-0.478086	3.23403	0.353548	-0.639154	3.19202
0.150862	-0.466795	3.24761	0.37046	-0.679241	3.19202
0.113124	-0.459106	3.26026	0.38367	-0.720787	3.19158
0.0742559	-0.455143	3.27196	0.393047	-0.763426	3.19078
0.0346457	-0.454997	3.28266	0.398497	-0.806781	3.18973
-0.0053107	-0.458716	3.29235	0.399965	-0.850469	3.18853
-0.045214	-0.466313	3.301	0.397436	-0.894105	3.18727
-0.0846656	-0.477761	3.30862	0.390937	-0.937303	3.18607
-0.123271	-0.492995	3.31522	0.380531	-0.979682	3.18501
-0.160645	-0.511911	3.3208	0.366324	-1.02087	3.18422
-0.196414	-0.534371	3.32541	0.348456	-1.06051	3.18377
-0.23022	-0.560199	3.32908	0.327107	-1.09825	3.18378
-0.261726	-0.589189	3.33185	0.302489	-1.13378	3.18433
-0.290617	-0.621099	3.33379	0.274848	-1.16678	3.18551
-0.316604	-0.655663	3.33496	0.244462	-1.19698	3.18741
-0.339428	-0.692585	3.33543	0.211633	-1.22413	3.1901
-0.35886	-0.731547	3.33529	0.17669	-1.24802	3.19364
-0.374707	-0.772211	3.33462	0.139981	-1.26846	3.19809
-0.38681	-0.814223	3.33351	0.101873	-1.2853	3.20352
-0.395048	-0.857215	3.33207	0.0627474	-1.29842	3.20995
-0.399338	-0.900809	3.3304	0.022995	-1.30775	3.21742
-0.399639	-0.944623	3.3286	-0.0169872	-1.31325	3.22594
-0.395947	-0.98827	3.32678	-0.0567997	-1.31491	3.23553
-0.388298	-1.03137	3.32504	-0.0960446	-1.31279	3.24619
-0.37677	-1.07354	3.3235	-0.13433	-1.30694	3.25791
-0.361477	-1.11442	3.32226	-0.171273	-1.29749	3.27065
-0.342572	-1.15365	3.32142	-0.206505	-1.28459	3.2844
-0.320245	-1.1909	3.32109	-0.239673	-1.26841	3.2991
-0.294717	-1.22584	3.32135	-0.270447	-1.24918	3.31471
-0.266245	-1.25818	3.3223	-0.298519	-1.22715	3.33115
-0.235113	-1.28766	3.32403	-0.323608	-1.20258	3.34837
-0.201632	-1.31404	3.3266	-0.345463	-1.17579	3.36627
-0.166136	-1.3371	3.33008	-0.363867	-1.14708	3.38477
-0.12898	-1.35668	3.33455	-0.378635	-1.11682	3.40379
-0.0905348	-1.37263	3.34003	-0.38962	-1.08534	3.4232
-0.0511855	-1.38485	3.34658	-0.396712	-1.05303	3.44293
-0.0113247	-1.39327	3.35422	-0.39984	-1.02026	3.46285
0.0286492	-1.39788	3.36296	-0.398973	-0.987406	3.48285
0.0683369	-1.39867	3.37283	-0.394119	-0.954864	3.50283
0.107342	-1.3957	3.3838	-0.385328	-0.923008	3.52267
0.145274	-1.38906	3.39587	-0.372687	-0.892214	3.54225
0.181755	-1.37886	3.409	-0.356322	-0.862842	3.56148
0.21642	-1.36528	3.42317	-0.336396	-0.835243	3.58024
0.248922	-1.34849	3.43832	-0.31311	-0.809746	3.59843
0.278937	-1.32873	3.45438	-0.286695	-0.786662	3.61595
0.306166	-1.30625	3.47131	-0.257415	-0.766277	3.63271
0.330335	-1.28134	3.489	-0.225564	-0.748848	3.64862
0.351203	-1.25429	3.50739	-0.191458	-0.734606	3.66362
0.368563	-1.22545	3.52638	-0.15544	-0.723748	3.67763
0.382239	-1.19515	3.54586	-0.117869	-0.716437	3.69059
0.392097	-1.16375	3.56573	-0.0791195	-0.712801	3.70245
0.398037	-1.13163	3.58589	-0.0395799	-0.712933	3.71319
0.4	-1.09916	3.60621	0.000355263	-0.716887	3.72276
0.397966	-1.06673	3.62659	0.0402868	-0.724678	3.73117
0.391956	-1.03471	3.6469	0.0798159	-0.736284	3.7384
0.382029	-1.00349	3.66702	0.118547	-0.751646	3.74446
0.368286	-0.973436	3.68685	0.156094	-0.770665	3.74937
0.350863	-0.944903	3.70627	0.192082	-0.793207	3.75318
0.329934	-0.918233	3.72517	0.22615	-0.819105	3.75591
0.305708	-0.893752	3.74344	0.257959	-0.848156	3.75762
0.278428	-0.87176	3.76099	0.28719	-0.880125	3.75838
0.248366	-0.852536	3.77771	0.313551	-0.914752	3.75826
0.215822	-0.836327	3.79353	0.33678	-0.951747	3.75735
0.181122	-0.823354	3.80837	0.356644	-0.990798	3.75573
0.144612	-0.813804	3.82216	0.372944	-1.03157	3.75351
0.106657	-0.807829	3.83485	0.385518	-1.07372	3.7508
0.0676367	-0.805546	3.84638	0.39424	-1.11689	3.7477
0.0279405	-0.807036	3.85672	0.399023	-1.16069	3.74433
-0.0120349	-0.812341	3.86586	0.399819	-1.20475	3.7408
-0.0518901	-0.821466	3.87377	0.39662	-1.24869	3.73725
-0.0912268	-0.834379	3.88046	0.389458	-1.29214	3.73379
-0.129652	-0.851007	3.88595	0.378405	-1.33471	3.73054
-0.166782	-0.871243	3.89025	0.363571	-1.37605	3.72763
-0.202245	-0.894943	3.8934	0.345104	-1.41579	3.72516
-0.235688	-0.921929	3.89546	0.323189	-1.45361	3.72326
-0.266775	-0.95199	3.89648	0.298045	-1.48919	3.72203
-0.295197	-0.984884	3.89653	0.269923	-1.52224	3.72156
-0.32067	-1.02034	3.8957	0.239104	-1.55248	3.72197
-0.342939	-1.05807	3.89407	0.205896	-1.57967	3.72332
-0.361781	-1.09775	3.89174	0.170631	-1.60361	3.72571
-0.377008	-1.13905	3.88882	0.13366	-1.62413	3.72919
-0.388468	-1.18161	3.88542	0.0953547	-1.64107	3.73382
-0.396047	-1.22508	3.88165	0.0560963	-1.65434	3.73964
-0.399669	-1.26907	3.87765	0.0162773	-1.66386	3.74669
-0.399297	-1.3132	3.87352	-0.0237043	-1.6696	3.75499
-0.394936	-1.35711	3.8694	-0.0634491	-1.67158	3.76455
-0.386628	-1.40041	3.86542	-0.10256	-1.66982	3.77535
-0.374458	-1.44274	3.8617	-0.140646	-1.66443	3.78739
-0.358546	-1.48372	3.85836	-0.177327	-1.6555	3.80063
-0.339052	-1.52303	3.85552	-0.212236	-1.6432	3.81503
-0.31617	-1.56032	3.8533	-0.245024	-1.62772	3.83053
-0.290128	-1.59528	3.85182	-0.275364	-1.60927	3.84708
-0.261188	-1.62765	3.85116	-0.302953	-1.5881	3.86459
-0.229639	-1.65714	3.85143	-0.327515	-1.56449	3.88298
-0.195795	-1.68354	3.85272	-0.348804	-1.53874	3.90214
-0.159994	-1.70665	3.85509	-0.366609	-1.51117	3.92199
-0.122595	-1.7263	3.85862	-0.38075	-1.48211	3.94239
-0.083971	-1.74235	3.86336	-0.391087	-1.45194	3.96325
-0.044508	-1.75472	3.86935	-0.397516	-1.421	3.98442
-0.00460023	-1.76335	3.87662	-0.399974	-1.38968	4.0058
0.0353535	-1.76821	3.88519	-0.398435	-1.35834	4.02724
0.0749539	-1.76933	3.89505	-0.392915	-1.32738	4.04861
0.113805	-1.76676	3.90621	-0.383469	-1.29716	4.06979
0.15152	-1.76059	3.91865	-0.370191	-1.26804	4.09065
0.18772	-1.75094	3.93231	-0.353215	-1.24039	4.11105
0.222045	-1.73799	3.94716	-0.33271	-1.21454	4.13088
0.254152	-1.72193	3.96314	-0.30888	-1.19082	4.15002
0.283718	-1.70299	3.98017	-0.281964	-1.16952	4.16835
0.31045	-1.68141	3.99817	-0.252231	-1.15092	4.18577
0.334081	-1.65749	4.01705	-0.219978	-1.13528	4.20218
0.354373	-1.63153	4.03671	-0.185526	-1.1228	4.21751
0.371124	-1.60386	4.05703	-0.149221	-1.11369	4.23167
0.384167	-1.57481	4.0779	-0.111425	-1.10809	4.2446
0.393372	-1.54475	4.0992	-0.0725157	-1.10613	4.25624
0.398646	-1.51404	4.12078	-0.0328817	-1.10788	4.26657
0.399937	-1.48306	4.14253	0.00708077	-1.1134	4.27554
0.397232	-1.45218	4.16431	0.0469725	-1.1227	4.28316
0.390558	-1.42177	4.18598	0.0863949	-1.13574	4.28941
0.379982	-1.39222	4.2074	0.124954	-1.15245	4.29431
0.365609	-1.36387	4.22845	0.162265	-1.17275	4.2979
0.347583	-1.33707	4.24899	0.197954	-1.19648	4.3002
0.326084	-1.31217	4.2689	0.231666	-1.22348	4.30128
0.301327	-1.28948	4.28805	0.263062	-1.25354	4.3012
0.27356	-1.26928	4.30633	0.291831	-1.28643	4.30004
0.243058	-1.25185	4.32364	0.317683	-1.32189	4.29788
0.210129	-1.23743	4.33989	0.340361	-1.35962	4.29483
0.1751	-1.22622	4.35498	0.359639	-1.39931	4.291
0.138321	-1.2184	4.36884	0.375323	-1.44064	4.2865
0.10016	-1.21413	4.38141	0.387257	-1.48326	4.28146
0.0609985	-1.2135	4.39264	0.395322	-1.52681	4.276
0.0212274	-1.21658	4.4025	0.399436	-1.57092	4.27026
-0.0187557	-1.22343	4.41095	0.39956	-1.61523	4.26439
-0.0585515	-1.23402	4.41799	0.395691	-1.65935	4.25851
-0.0977622	-1.24833	4.42363	0.387869	-1.70291	4.25277
-0.135996	-1.26628	4.42788	0.376172	-1.74556	4.24731
-0.172871	-1.28774	4.43078	0.360715	-1.78692	4.24226
-0.208019	-1.31259	4.43237	0.341655	-1.82666	4.23777
-0.241088	-1.34063	4.43272	0.319181	-1.86445	4.23395
-0.271749	-1.37165	4.43189	0.293518	-1.89999	4.23093
-0.299694	-1.40541	4.42997	0.264922	-1.93298	4.22883
-0.324645	-1.44164	4.42705	0.233679	-1.96318	4.22774
-0.346352	-1.48005	4.42325	0.200101	-1.99034	4.22778
-0.364598	-1.52032	4.41867	0.164524	-2.01428	4.22901
-0.379202	-1.56211	4.41343	0.127303	-2.03482	4.23151
-0.390016	-1.60509	4.40768	0.0888096	-2.05183	4.23535
-0.396934	-1.64889	4.40155	0.0494292	-2.06521	4.24057
-0.399886	-1.69314	4.39517	0.00955501	-2.07491	4.24721
-0.398842	-1.73746	4.38868	-0.0304147	-2.08089	4.25528
-0.393813	-1.7815	4.38225	-0.0700805	-2.08317	4.26478
-0.384849	-1.82487	4.37599	-0.109046	-2.0818	4.27572
-0.37204	-1.86722	4.37008	-0.146922	-2.07687	4.28807
-0.355514	-1.9082	4.36463	-0.18333	-2.0685	4.30178
-0.335435	-1.94746	4.35979	-0.217906	-2.05685	4.3168
-0.312005	-1.9847	4.35569	-0.250305	-2.0421	4.33308
-0.285458	-2.0196	4.35245	-0.280204	-2.02448	4.35052
-0.256058	-2.05189	4.35019	-0.307302	-2.00424	4.36905
-0.2241	-2.08132	4.34902	-0.33133	-1.98165	4.38855
-0.189902	-2.10768	4.34902	-0.352047	-1.95701	4.40892
-0.153807	-2.13078	4.35029	-0.369247	-1.93064	4.43003
-0.116176	-2.15045	4.35289	-0.382757	-1.90288	4.45176
-0.0773834	-2.16657	4.35689	-0.392443	-1.87407	4.47396
-0.0378179	-2.17906	4.36232	-0.398208	-1.84459	4.4965
0.00212554	-2.18788	4.36922	-0.399994	-1.81479	4.51923
0.0420477	-2.19299	4.3776	-0.397784	-1.78504	4.542
0.0815498	-2.19444	4.38747	-0.391599	-1.75572	4.56467
0.120237	-2.19227	4.3988	-0.381501	-1.7272	4.58707
0.157723	-2.1866	4.41158	-0.367591	-1.69982	4.60908
0.193633	-2.17754	4.42575	-0.350009	-1.67394	4.63053
0.227608	-2.16527	4.44125	-0.328929	-1.64989	4.6513
0.259309	-2.14998	4.45802	-0.304563	-1.62797	4.67125
0.288419	-2.1319	4.47597	-0.277154	-1.60849	4.69025
0.314648	-2.11129	4.495	-0.246975	-1.5917	4.70819
0.337732	-2.08843	4.51501	-0.214329	-1.57785	4.72497
0.357442	-2.06362	4.53587	-0.179542	-1.56715	4.74049
0.373581	-2.03718	4.55746	-0.14296	-1.55977	4.75466
0.385986	-2.00947	4.57964	-0.10495	-1.55586	4.76742
0.394536	-1.98082	4.60226	-0.0658913	-1.55554	4.77871
0.399143	-1.9516	4.62519	-0.0261743	-1.55888	4.78849
0.399762	-1.92217	4.64826	0.0138043	-1.56591	4.79673
0.396386	-1.89291	4.67134	0.0536449	-1.57664	4.80343
0.389051	-1.86418	4.69425	0.0929495	-1.59104	4.80858
0.377828	-1.83635	4.71685	0.131325	-1.60903	4.81221
0.362829	-1.80976	4.73899	0.168389	-1.63051	4.81435
0.344206	-1.78475	4.76052	0.20377	-1.65534	4.81505
0.322143	-1.76166	4.7813	0.237116	-1.68333	4.81438
0.296862	-1.74079	4.8012	0.268092	-1.71429	4.81241
0.268614	-1.72241	4.82009	0.296389	-1.74798	4.80924
0.237683	-1.70679	4.83785	0.321725	-1.78413	4.80497
0.204376	-1.69415	4.85438	0.343846	-1.82246	4.79972
0.169028	-1.6847	4.86958	0.362532	-1.86267	4.7936
0.131991	-1.67861	4.88338	0.377596	-1.90441	4.78677
0.0936346	-1.676	4.8957	0.388886	-1.94736	4.77935
0.0543429	-1.67699	4.90649	0.396291	-1.99116	4.77149
0.0145083	-1.68163	4.91572	0.399737	-2.03545	4.76336
-0.0254712	-1.68996	4.92336	0.399188	-2.07986	4.7551
-0.0651963	-1.70196	4.92941	0.394651	-2.12402	4.74687
-0.10427	-1.71758	4.93388	0.386171	-2.16757	4.73884
-0.142302	-1.73676	4.93678	0.373832	-2.21016	4.73116
-0.178912	-1.75936	4.93817	0.357758	-2.25143	4.72398
-0.213734	-1.78524	4.9381	0.338109	-2.29106	4.71745
-0.246421	-1.81423	4.93663	0.315082	-2.32871	4.71172
-0.276646	-1.84609	4.93387	0.288907	-2.36411	4.70692
-0.304106	-1.88059	4.92989	0.259845	-2.39697	4.70318
-0.328528	-1.91746	4.92481	0.228187	-2.42704	4.70062
-0.349667	-1.95642	4.91877	0.194249	-2.45411	4.69933
-0.367313	-1.99714	4.91188	0.15837	-2.47798	4.69942
-0.381289	-2.0393	4.90428	0.120909	-2.49849	4.70096
-0.391455	-2.08255	4.89614	0.0822394	-2.51553	4.70401
-0.397709	-2.12654	4.88759	0.0427482	-2.529	4.70863
-0.39999	-2.17091	4.87881	0.00283002	-2.53885	4.71485
-0.398274	-2.21529	4.86995	-0.0371165	-2.54506	4.72269
-0.392579	-2.25932	4.86117	-0.0766921	-2.54765	4.73214
-0.382961	-2.30264	4.85264	-0.115502	-2.54668	4.7432
-0.369517	-2.34489	4.84452	-0.153157	-2.54224	4.75583
-0.352381	-2.38574	4.83696	-0.189282	-2.53445	4.76999
-0.331724	-2.42485	4.83012	-0.223516	-2.52348	4.78561
-0.307752	-2.46192	4.82414	-0.255516	-2.50952	4.80262
-0.280706	-2.49666	4.81916	-0.284964	-2.49278	4.82092
-0.250855	-2.52879	4.81531	-0.311564	-2.47352	4.84041
-0.218497	-2.55809	4.81269	-0.335051	-2.45201	4.86097
-0.183956	-2.58434	4.81143	-0.35519	-2.42854	4.88247
-0.147577	-2.60737	4.8116	-0.371781	-2.40344	4.90478
-0.109724	-2.62701	4.81328	-0.384657	-2.37704	4.92774
-0.070774	-2.64317	4.81654	-0.393689	-2.34967	4.95121
-0.0311171	-2.65576	4.82142	-0.398788	-2.32171	4.97501
0.0088507	-2.66474	4.82795	-0.399902	-2.2935	4.999
0.0487301	-2.6701	4.83614	-0.397021	-2.2654	5.02299
0.0881226	-2.67188	4.846	-0.390172	-2.23779	5.04683
0.126635	-2.67014	4.85749	-0.379425	-2.21102	5.07034
0.163881	-2.66498	4.87059	-0.364888	-2.18543	5.09336
0.19949	-2.65654	4.88523	-0.346704	-2.16137	5.11574
0.233106	-2.64498	4.90136	-0.325056	-2.13915	5.13731
0.264393	-2.63051	4.91888	-0.30016	-2.11907	5.15794
0.293039	-2.61335	4.9377	-0.272265	-2.10142	5.17748
0.318756	-2.59376	4.95771	-0.24165	-2.08645	5.19581
0.341288	-2.57202	4.97878	-0.20862	-2.0744	5.21281
0.36041	-2.54843	5.00077	-0.173506	-2.06545	5.22837
0.375931	-2.5233	5.02355	-0.136658	-2.05979	5.24242
0.387696	-2.49698	5.04695	-0.0984452	-2.05755	5.25487
0.395588	-2.46981	5.07081	-0.0592483	-2.05883	5.26567
0.399526	-2.44214	5.09498	-0.0194594	-2.06369	5.27478
0.399473	-2.41433	5.11928	0.0205239	-2.07218	5.28216
0.395428	-2.38676	5.14353	0.0603021	-2.08428	5.28782
0.387433	-2.35976	5.16758	0.0994778	-2.09996	5.29176
0.375566	-2.3337	5.19123	0.13766	-2.11913	5.294
0.359947	-2.30892	5.21434	0.174466	-2.1417	5.29459
0.340731	-2.28574	5.23673	0.209529	-2.1675	5.29359
0.318111	-2.26449	5.25826	0.242499	-2.19638	5.29108
0.292312	-2.24546	5.27877	0.273045	-2.22811	5.28714
0.263593	-2.22892	5.29812	0.300864	-2.26247	5.28189
0.23224	-2.21511	5.31619	0.325676	-2.29919	5.27543
0.198566	-2.20426	5.33286	0.347234	-2.33799	5.26791
0.162908	-2.19656	5.34804	0.365323	-2.37856	5.25946
0.125623	-2.19216	5.36163	0.379762	-2.42058	5.25023
0.0870826	-2.19119	5.37356	0.390406	-2.46372	5.2404
0.0476721	-2.19375	5.38379	0.397149	-2.50763	5.23011
0.00778514	-2.19989	5.39226	0.399924	-2.55195	5.21955
-0.0321796	-2.20963	5.39897	0.398703	-2.59632	5.20889
-0.0718227	-2.22296	5.40391	0.393499	-2.64039	5.19831
-0.110748	-2.23982	5.40708	0.384363	-2.6838	5.18797
-0.148567	-2.26012	5.40854	0.371386	-2.72621	5.17807
-0.184902	-2.28376	5.40831	0.354699	-2.76727	5.16875
-0.219389	-2.31057	5.40648	0.334468	-2.80666	5.1602
-0.251684	-2.34038	5.40312	0.310894	-2.84408	5.15257
-0.281464	-2.37296	5.39833	0.284215	-2.87924	5.146
-0.308432	-2.40807	5.39222	0.254695	-2.91187	5.14064
-0.332318	-2.44545	5.38493	0.222631	-2.94174	5.1366
-0.352884	-2.48481	5.37658	0.188342	-2.96864	5.13401
-0.369924	-2.52584	5.36732	0.152172	-2.99239	5.13297
-0.383268	-2.56822	5.35733	0.114481	-3.01283	5.13355
-0.392782	-2.6116	5.34675	0.0756458	-3.02986	5.13583
-0.398372	-2.65564	5.33577	0.0360552	-3.04339	5.13985
-0.399981	-2.69999	5.32456	-0.00389577	-3.05337	5.14566
-0.397594	-2.74429	5.3133	-0.0438078	-3.05981	5.15326
-0.391234	-2.78818	5.30218	-0.0832821	-3.06271	5.16265
-0.380965	-2.83131	5.29136	-0.121924	-3.06215	5.17382
-0.36689	-2.87335	5.28104	-0.159348	-3.05822	5.18672
-0.349149	-2.91395	5.27138	-0.19518	-3.05104	5.20129
-0.327919	-2.9528	5.26254	-0.229062	-3.04079	5.21747
-0.303413	-2.9896	5.25469	-0.260655	-3.02765	5.23517
-0.275875	-3.02408	5.24798	-0.289643	-3.01184	5.25428
-0.245581	-3.05598	5.24255	-0.315738	-2.99361	5.27468
-0.212832	-3.08506	5.23851	-0.338677	-2.97324	5.29623
-0.177958	-3.11114	5.23599	-0.358233	-2.95101	5.3188
-0.141305	-3.13403	5.23507	-0.37421	-2.92724	5.34222
-0.103241	-3.15361	5.23585	-0.386447	-2.90226	5.36634
-0.0641445	-3.16977	5.23838	-0.394823	-2.8764	5.39097
-0.0244075	-3.18243	5.24271	-0.399255	-2.85001	5.41594
0.0155734	-3.19156	5.24887	-0.399697	-2.82345	5.44107
0.0553987	-3.19717	5.25687	-0.396145	-2.79707	5.46618
0.0946704	-3.19929	5.2667	-0.388635	-2.77122	5.49107
0.132996	-3.19798	5.27833	-0.377243	-2.74625	5.51556
0.169993	-3.19336	5.29173	-0.362081	-2.72249	5.53948
0.205292	-3.18557	5.30683	-0.343301	-2.70027	5.56265
0.238539	-3.17476	5.32354	-0.321091	-2.67991	5.5849
0.269403	-3.16115	5.34177	-0.295672	-2.66169	5.60607
0.297575	-3.14496	5.36142	-0.2673	-2.64589	5.62601
0.322774	-3.12644	5.38234	-0.236256	-2.63274	5.64458
0.344748	-3.10588	5.4044	-0.202853	-2.62247	5.66166
0.363277	-3.08356	5.42746	-0.167422	-2.61527	5.67714
0.378176	-3.0598	5.45134	-0.130318	-2.61129	5.69093
0.389297	-3.03494	5.47587	-0.0919126	-2.61067	5.70294
0.396528	-3.00931	5.50089	-0.0525885	-2.6135	5.71312
0.399797	-2.98325	5.52619	-0.0127391	-2.61984	5.72142
0.399072	-2.95713	5.5516	0.0272377	-2.62971	5.72783
0.394359	-2.93128	5.57692	0.0669423	-2.6431	5.73233
0.385705	-2.90607	5.60197	0.105978	-2.65996	5.73493
0.373198	-2.88183	5.62656	0.143955	-2.68022	5.73569
0.356962	-2.85889	5.65051	0.180493	-2.70376	5.73463
0.33716	-2.83758	5.67363	0.215228	-2.73044	5.73184
0.313988	-2.81819	5.69576	0.247813	-2.76007	5.7274
0.28768	-2.80102	5.71674	0.277921	-2.79245	5.72141
0.258497	-2.78631	5.73642	0.305253	-2.82735	5.714
0.226731	-2.77432	5.75466	0.329535	-2.8645	5.7053
0.1927	-2.76524	5.77134	0.350524	-2.90362	5.69546
0.156743	-2.75926	5.78636	0.36801	-2.94442	5.68462
0.11922	-2.75652	5.79961	0.38182	-2.98658	5.67298
0.0805061	-2.75715	5.81103	0.391815	-3.02976	5.66069
0.0409877	-2.76123	5.82055	0.397894	-3.07363	5.64796
0.00105976	-2.7688	5.82815	0.399999	-3.11784	5.63495
-0.0388788	-2.77988	5.8338	0.398106	-3.16204	5.62188
-0.0784288	-2.79444	5.83751	0.392236	-3.20588	5.60893
-0.117195	-2.81244	5.83929	0.382446	-3.24902	5.5963
-0.154791	-2.83378	5.83919	0.368836	-3.29111	5.58417
-0.19084	-2.85834	5.83726	0.35154	-3.33184	5.57273
-0.224982	-2.88597	5.83357	0.330731	-3.37089	5.56217
-0.256876	-2.91647	5.82824	0.306619	-3.40797	5.55264
-0.286203	-2.94963	5.82135	0.279442	-3.44279	5.54432
-0.312671	-2.98522	5.81305	0.249473	-3.47512	5.53735
-0.336015	-3.02297	5.80347	0.217012	-3.50471	5.53187
-0.356001	-3.0626	5.79278	0.182382	-3.53137	5.52799
-0.37243	-3.1038	5.78112	0.14593	-3.55493	5.52583
-0.385138	-3.14624	5.76868	0.10802	-3.57525	5.52547
-0.393998	-3.18961	5.75565	0.069031	-3.59223	5.52698
-0.398922	-3.23356	5.74222	0.0293519	-3.6058	5.53041
-0.399859	-3.27775	5.72857	-0.0106205	-3.6159	5.5358
-0.396801	-3.32182	5.71491	-0.0504867	-3.62255	5.54316
-0.389778	-3.36544	5.70143	-0.0898485	-3.62577	5.55249
-0.378861	-3.40826	5.68834	-0.128313	-3.62563	5.56374
-0.364159	-3.44994	5.67581	-0.165495	-3.62223	5.57689
-0.345818	-3.49018	5.66406	-0.201023	-3.61569	5.59186
-0.324021	-3.52866	5.65324	-0.234543	-3.60619	5.60856
-0.298987	-3.5651	5.64354	-0.265719	-3.59391	5.62691
-0.270966	-3.59922	5.63512	-0.294241	-3.57908	5.64677
-0.240237	-3.63079	5.62812	-0.319822	-3.56193	5.66802
-0.207108	-3.65959	5.62268	-0.342208	-3.54275	5.6905
-0.171909	-3.68543	5.61891	-0.361175	-3.52182	5.71406
-0.134993	-3.70814	5.61693	-0.376533	-3.49944	5.73852
-0.0967284	-3.7276	5.61681	-0.388128	-3.47593	5.76369
-0.057497	-3.74372	5.61862	-0.395846	-3.45164	5.7894
-0.017691	-3.75643	5.6224	-0.399609	-3.42689	5.81543
0.0222916	-3.76571	5.62819	-0.399378	-3.40203	5.8416
0.0620516	-3.77155	5.63599	-0.395158	-3.3774	5.8677
0.101192	-3.77401	5.64579	-0.386989	-3.35336	5.89352
0.13932	-3.77316	5.65756	-0.374953	-3.33023	5.91888
0.176057	-3.7691	5.67123	-0.359171	-3.30833	5.94356
0.211035	-3.76198	5.68675	-0.3398	-3.28799	5.96739
0.243904	-3.75196	5.70401	-0.317034	-3.26951	5.99018
0.274336	-3.73925	5.7229	-0.291101	-3.25316	6.01175
0.302027	-3.72407	5.74331	-0.262259	-3.2392	6.03195
0.326701	-3.70668	5.76509	-0.230796	-3.22786	6.05063
0.34811	-3.68734	5.78808	-0.197027	-3.21936	6.06766
0.36604	-3.66636	5.81212	-0.16129	-3.21387	6.08292
0.380314	-3.64403	5.83702	-0.123941	-3.21154	6.09631
0.390787	-3.62068	5.8626	-0.085354	-3.2125	6.10775
0.397356	-3.59664	5.88866	-0.0459139	-3.21682	6.11719
0.399955	-3.57225	5.91499	-0.00601512	-3.22456	6.12456
0.398557	-3.54786	5.9414	0.0339438	-3.23573	6.12987
0.393177	-3.5238	5.96768	0.0735635	-3.25032	6.1331
0.383869	-3.50041	5.99361	0.112448	-3.26828	6.13427
0.370725	-3.47802	6.01901	0.150209	-3.28952	6.13343
0.353877	-3.45696	6.04366	0.18647	-3.31392	6.13064
0.333493	-3.43753	6.06738	0.220867	-3.34134	6.12597
0.309777	-3.42002	6.08998	0.253057	-3.3716	6.11953
0.282966	-3.40471	6.1113	0.282719	-3.4045	6.11143
0.253328	-3.39184	6.13117	0.309556	-3.43979	6.1018
0.221158	-3.38164	6.14945	0.3333	-3.47723	6.0908
0.186779	-3.37431	6.166	0.353714	-3.51654	6.07859
0.150533	-3.37002	6.18071	0.370594	-3.55742	6.06534
0.112783	-3.36891	6.19349	0.383771	-3.59956	6.05124
0.0739068	-3.37108	6.20426	0.393113	-3.64263	6.03649
0.0342917	-3.3766	6.21297	0.398527	-3.68632	6.02128
-0.00566593	-3.38553	6.21957	0.39996	-3.73027	6.00583
-0.045567	-3.39787	6.22405	0.397396	-3.77416	5.99034
-0.0850127	-3.41358	6.22642	0.390862	-3.81764	5.97503
-0.123609	-3.43262	6.2267	0.380422	-3.86037	5.9601
-0.16097	-3.45488	6.22495	0.366181	-3.90203	5.94577
-0.196723	-3.48025	6.22122	0.348281	-3.94232	5.93222
-0.230511	-3.50855	6.21561	0.326902	-3.98091	5.91966
-0.261995	-3.53962	6.20822	0.302256	-4.01754	5.90827
-0.290861	-3.57324	6.19918	0.27459	-4.05194	5.89821
-0.316821	-3.60917	6.18863	0.244181	-4.08386	5.88966
-0.339616	-3.64714	6.17672	0.211332	-4.1131	5.88274
-0.359017	-3.68688	6.16363	0.176371	-4.13946	5.8776
-0.374831	-3.7281	6.14954	0.139648	-4.16278	5.87434
-0.3869	-3.77047	6.13464	0.101529	-4.18294	5.87305
-0.395103	-3.81368	6.11914	0.0623965	-4.19984	5.87381
-0.399359	-3.85739	6.10323	0.0226403	-4.2134	5.87666
-0.399624	-3.90127	6.08714	-0.0173421	-4.22362	5.88164
-0.395896	-3.94498	6.07108	-0.0571513	-4.23047	5.88876
-0.388213	-3.98819	6.05526	-0.0963895	-4.23401	5.898
-0.37665	-4.03056	6.03989	-0.134665	-4.2343	5.90933
-0.361325	-4.07178	6.02519	-0.171594	-4.23144	5.9227
-0.342389	-4.11154	6.01136	-0.206809	-4.22557	5.93803
-0.320032	-4.14954	5.99859	-0.239958	-4.21685	5.95522
-0.294477	-4.1855	5.98706	-0.270709	-4.20548	5.97417
-0.26598	-4.21918	5.97694	-0.298755	-4.19166	5.99473
-0.234826	-4.25035	5.9684	-0.323816	-4.17565	6.01677
-0.201325	-4.27878	5.96158	-0.345642	-4.15771	6.04011
-0.165812	-4.30432	5.95659	-0.364014	-4.13812	6.06458
-0.128643	-4.3268	5.95355	-0.378749	-4.11718	6.08998
-0.0901888	-4.3461	5.95255	-0.3897	-4.09521	6.11613
-0.0508331	-4.36215	5.95365	-0.396757	-4.07252	6.1428
-0.0109696	-4.37489	5.9569	-0.39985	-4.04946	6.1698
0.0290036	-4.38429	5.96232	-0.398947	-4.02635	6.19689
0.0686869	-4.39037	5.96992	-0.394059	-4.00353	6.22387
0.107684	-4.39317	5.97968	-0.385233	-3.98132	6.2505
0.145605	-4.39278	5.99155	-0.372558	-3.96006	6.27659
0.182071	-4.3893	6.00548	-0.35616	-3.94006	6.30191
0.216718	-4.38288	6.02138	-0.336204	-3.92161	6.32626
0.2492	-4.37369	6.03914	-0.312889	-3.90501	6.34945
0.279192	-4.36192	6.05866	-0.286447	-3.89053	6.37129
0.306394	-4.3478	6.07978	-0.257143	-3.8784	6.39162
0.330535	-4.33158	6.10234	-0.22527	-3.86886	6.41027
0.351373	-4.31352	6.12619	-0.191146	-3.8621	6.42711
0.368701	-4.29391	6.15113	-0.155113	-3.85829	6.44201
0.382344	-4.27306	6.17696	-0.117529	-3.85757	6.45488
0.392167	-4.25127	6.20349	-0.0787712	-3.86004	6.46563
0.398072	-4.22888	6.23049	-0.0392263	-3.86578	6.47419
0.399999	-4.20621	6.25775	0.000710525	-3.87484	6.48052
0.39793	-4.18358	6.28504	0.0406403	-3.88723	6.48462
0.391885	-4.16134	6.31215	0.080164	-3.90292	6.48648
0.381924	-4.13981	6.33885	0.118887	-3.92187	6.48612
0.368147	-4.11931	6.36492	0.156422	-3.94397	6.4836
0.350692	-4.10014	6.39015	0.192393	-3.96912	6.47898
0.329733	-4.08261	6.41433	0.226443	-3.99716	6.47236
0.305479	-4.06698	6.43727	0.25823	-4.02792	6.46385
0.278173	-4.05353	6.45879	0.287437	-4.06119	6.45357
0.248087	-4.04249	6.47871	0.313772	-4.09674	6.44168
0.215523	-4.03406	6.49688	0.336972	-4.13432	6.42833
0.180805	-4.02845	6.51317	0.356805	-4.17366	6.41372
0.144281	-4.02581	6.52746	0.373073	-4.21447	6.39802
0.106315	-4.02626	6.53964	0.385613	-4.25644	6.38145
0.0672866	-4.0299	6.54964	0.3943	-4.29927	6.36421
0.0275861	-4.03681	6.5574	0.399048	-4.34262	6.34653
-0.01239	-4.04702	6.56289	0.399808	-4.38618	6.32863
-0.0522423	-4.06052	6.56609	0.396574	-4.42961	6.31074
-0.0915726	-4.07728	6.56702	0.389377	-4.47258	6.29307
-0.129988	-4.09724	6.56571	0.37829	-4.51478	6.27587
-0.167105	-4.12031	6.56222	0.363423	-4.55589	6.25934
-0.202551	-4.14636	6.55661	0.344924	-4.5956	6.24371
-0.235975	-4.17522	6.549	0.32298	-4.63364	6.22918
-0.26704	-4.20672	6.5395	0.297808	-4.66972	6.21594
-0.295437	-4.24065	6.52825	0.269661	-4.70359	6.20418
-0.320882	-4.27677	6.5154	0.238819	-4.73504	6.19407
-0.343121	-4.31482	6.50112	0.205591	-4.76384	6.18575
-0.361932	-4.35453	6.48561	0.170309	-4.78984	6.17936
-0.377126	-4.39561	6.46906	0.133326	-4.81287	6.17502
-0.388553	-4.43776	6.45168	0.0950097	-4.83282	6.17283
-0.396097	-4.48066	6.4337	0.0557445	-4.84959	6.17284
-0.399683	-4.52398	6.41532	0.0159223	-4.86314	6.17512
-0.399276	-4.56741	6.39679	-0.0240589	-4.87344	6.17969
-0.394879	-4.61062	6.37834	-0.0637998	-4.8805	6.18656
-0.386537	-4.65328	6.36019	-0.102903	-4.88436	6.19571
-0.374333	-4.69508	6.34257	-0.140978	-4.88509	6.2071
-0.358388	-4.73571	6.32571	-0.177645	-4.8828	6.22067
-0.338863	-4.77487	6.30983	-0.212537	-4.87761	6.23633
-0.315952	-4.81228	6.29512	-0.245305	-4.86971	6.25397
-0.289884	-4.84768	6.28179	-0.275622	-4.85927	6.27347
-0.260919	-4.88083	6.27001	-0.303185	-4.84651	6.29468
-0.229348	-4.9115	6.25996	-0.327719	-4.83167	6.31744
-0.195485	-4.93951	6.25177	-0.348978	-4.81502	6.34156
-0.159668	-4.96468	6.24559	-0.366751	-4.79682	6.36686
-0.122257	-4.98687	6.24152	-0.380859	-4.77737	6.39313
-0.0836236	-5.00598	6.23966	-0.391161	-4.75698	6.42015
-0.0441549	-5.02192	6.24006	-0.397555	-4.73595	6.44769
-0.00424499	-5.03466	6.24278	-0.399977	-4.71462	6.47553
0.0357073	-5.04418	6.24783	-0.398403	-4.69329	6.50344
0.0753029	-5.05049	6.25522	-0.392848	-4.6723	6.53117
0.114146	-5.05364	6.26493	-0.383368	-4.65197	6.55849
0.151849	-5.05372	6.27689	-0.370057	-4.6326	6.58518
0.188034	-5.05085	6.29104	-0.353048	-4.6145	6.611
0.222341	-5.04515	6.30729	-0.332513	-4.59796	6.63574
0.254426	-5.03681	6.32552	-0.308654	-4.58325	6.6592
0.283969	-5.02602	6.3456	-0.281712	-4.57063	6.68118
0.310674	-5.01299	6.36737	-0.251955	-4.56032	6.70149
0.334276	-4.99798	6.39066	-0.219681	-4.55255	6.71998
0.354537	-4.98125	6.41528	-0.185211	-4.54749	6.7365
0.371256	-4.96307	6.44104	-0.148891	-4.54531	6.75092
0.384266	-4.94374	6.46772	-0.111084	-4.54612	6.76314
0.393436	-4.92357	6.49509	-0.0721662	-4.55005	6.77306
0.398675	-4.90286	6.52293	-0.0325276	-4.55714	6.78064
0.399931	-4.88194	6.551	0.00743597	-4.56743	6.78582
0.397191	-4.86112	6.57907	0.0473253	-4.58094	6.7886
0.390482	-4.84074	6.60688	0.0867417	-4.59764	6.78898
0.379871	-4.82109	6.63422	0.125292	-4.61745	6.787
0.365465	-4.80248	6.66083	0.162589	-4.6403	6.78272
0.347407	-4.78522	6.6865	0.198263	-4.66607	6.7762
0.325879	-4.76959	6.71101	0.231955	-4.6946	6.76756
0.301094	-4.75585	6.73416	0.26333	-4.72571	6.75692
0.2733	-4.74424	6.75574	0.292074	-4.75921	6.74441
0.242776	-4.735	6.77558	0.317899	-4.79487	6.73021
0.209826	-4.72832	6.79352	0.340548	-4.83245	6.71449
0.17478	-4.72438	6.80941	0.359794	-4.87167	6.69745
0.137987	-4.72333	6.82314	0.375446	-4.91226	6.67929
0.099816	-4.72529	6.8346	0.387346	-4.95391	6.66023
0.0606473	-4.73034	6.84371	0.395376	-4.99634	6.64051
0.0208726	-4.73855	6.85041	0.399455	-5.03921	6.62036
-0.0191106	-4.74994	6.85468	0.399543	-5.08223	6.60002
-0.0589029	-4.7645	6.8565	0.395639	-5.12506	6.57973
-0.0981066	-4.78221	6.8559	0.387782	-5.1674	6.55973
-0.13633	-4.80298	6.85291	0.376051	-5.20893	6.54028
-0.173191	-4.82673	6.84759	0.360562	-5.24936	6.52159
-0.208322	-4.85333	6.84004	0.34147	-5.28839	6.5039
-0.241372	-4.88261	6.83037	0.318967	-5.32575	6.48743
-0.272009	-4.91441	6.8187	0.293276	-5.36118	6.47238
-0.299929	-4.9485	6.80518	0.264655	-5.39445	6.45895
-0.324852	-4.98466	6.79	0.23339	-5.42533	6.4473
-0.34653	-5.02263	6.77333	0.199793	-5.45364	6.43761
-0.364744	-5.06216	6.75537	0.1642	-5.4792	6.43001
-0.379315	-5.10296	6.73635	0.126966	-5.50189	6.42461
-0.390095	-5.14473	6.71648	0.0884632	-5.52158	6.42152
-0.396978	-5.18717	6.69601	0.0490767	-5.53821	6.42081
-0.399894	-5.22996	6.67518	0.00919985	-5.55171	6.42252
-0.398815	-5.2728	6.65422	-0.0307689	-5.56209	6.42669
-0.393751	-5.31536	6.63339	-0.0704302	-5.56934	6.43331
-0.384752	-5.35735	6.61293	-0.109388	-5.57352	6.44236
-0.37191	-5.39844	6.59309	-0.147253	-5.5747	6.45379
-0.355351	-5.43836	6.57411	-0.183646	-5.57299	6.46753
-0.335242	-5.47681	6.5562	-0.218204	-5.56852	6.48349
-0.311783	-5.51353	6.53959	-0.250582	-5.56146	6.50153
-0.285209	-5.54827	6.52449	-0.280457	-5.55199	6.52153
-0.255785	-5.58079	6.51109	-0.307529	-5.54032	6.54333
-0.223805	-5.6109	6.49955	-0.331529	-5.5267	6.56674
-0.189589	-5.6384	6.49004	-0.352216	-5.51137	6.59158
-0.153479	-5.66315	6.48269	-0.369383	-5.4946	6.61762
-0.115836	-5.685	6.47761	-0.38286	-5.47668	6.64466
-0.0770349	-5.70387	6.4749	-0.392512	-5.45791	6.67245
-0.0374642	-5.71969	6.47462	-0.398242	-5.43858	6.70076
0.00248079	-5.7324	6.47681	-0.399992	-5.41901	6.72934
0.042401	-5.74202	6.48151	-0.397746	-5.3995	6.75793
0.0818975	-5.74855	6.48868	-0.391526	-5.38038	6.7863
0.120576	-5.75206	6.49832	-0.381394	-5.36193	6.81418
0.158049	-5.75263	6.51035	-0.367451	-5.34447	6.84134
0.193944	-5.75037	6.5247	-0.349837	-5.32829	6.86754
0.2279	-5.74543	6.54126	-0.328727	-5.31365	6.89254
0.25958	-5.73797	6.55991	-0.304333	-5.30081	6.91613
0.288665	-5.72819	6.5805	-0.276898	-5.29003	6.9381
0.314867	-5.7163	6.60286	-0.246696	-5.28152	6.95828
0.337922	-5.70254	6.6268	-0.214029	-5.27548	6.97647
0.357601	-5.68717	6.65212	-0.179224	-5.27208	6.99254
0.373707	-5.67045	6.67861	-0.142628	-5.27146	7.00635
0.386079	-5.65269	6.70604	-0.104607	-5.27376	7.01779
0.394594	-5.63416	6.73416	-0.0655409	-5.27906	7.02678
0.399166	-5.61518	6.76273	-0.0258198	-5.28741	7.03326
0.399749	-5.59604	6.7915	0.0141593	-5.29885	7.03718
0.396339	-5.57706	6.82022	0.0539969	-5.31338	7.03855
0.388968	-5.55855	6.84862	0.093295	-5.33096	7.03737
0.377711	-5.5408	6.87646	0.131661	-5.35153	7.03368
0.36268	-5.52411	6.90349	0.168711	-5.375	7.02755
0.344025	-5.50876	6.92948	0.204076	-5.40125	7.01907
0.321932	-5.49503	6.95418	0.237402	-5.43013	7.00835
0.296623	-5.48315	6.97739	0.268355	-5.46146	6.99552
0.268351	-5.47337	6.9989	0.296627	-5.49505	6.98075
0.237397	-5.46589	7.01853	0.321936	-5.53067	6.96421
0.204071	-5.46092	7.0361	0.344028	-5.56808	6.94608
0.168706	-5.4586	7.05148	0.362682	-5.60703	6.9266
0.131655	-5.45909	7.06452	0.377713	-5.64725	6.90596
0.0932891	-5.46248	7.07514	0.388969	-5.68843	6.88443
0.0539909	-5.46886	7.08324	0.396339	-5.7303	6.86222
0.0141533	-5.47827	7.08878	0.39975	-5.77255	6.83961
-0.0258258	-5.49075	7.09173	0.399165	-5.81488	6.81685
-0.0655468	-5.50628	7.09208	0.394593	-5.85698	6.79419
-0.104613	-5.52481	7.08985	0.386078	-5.89854	6.77189
-0.142634	-5.54627	7.0851	0.373705	-5.93928	6.75021
-0.179229	-5.57058	7.07789	0.357599	-5.97891	6.7294
-0.214034	-5.59759	7.06833	0.337919	-6.01714	6.70969
-0.246701	-5.62715	7.05654	0.314863	-6.05373	6.69131
-0.276902	-5.65909	7.04265	0.288661	-6.08841	6.67449
-0.304337	-5.6932	7.02684	0.259575	-6.12098	6.65942
-0.328731	-5.72925	7.00929	0.227895	-6.15122	6.64628
-0.34984	-5.767	6.9902	0.193938	-6.17895	6.63525
-0.367454	-5.80619	6.96979	0.158044	-6.20403	6.62646
-0.381396	-5.84655	6.94829	0.12057	-6.22631	6.62004
-0.391527	-5.88779	6.92594	0.0818916	-6.24571	6.61607
-0.397747	-5.92962	6.903	0.042395	-6.26216	6.61465
-0.399992	-5.97173	6.87972	0.00247477	-6.2756	6.61581
-0.398241	-6.01383	6.85635	-0.0374702	-6.28603	6.61958
-0.392511	-6.05562	6.83318	-0.0770408	-6.29348	6.62594
-0.382859	-6.09679	6.81044	-0.115842	-6.29798	6.63488
-0.369381	-6.13706	6.78841	-0.153485	-6.29962	6.64633
-0.352213	-6.17614	6.76733	-0.189595	-6.2985	6.66022
-0.331525	-6.21377	6.74744	-0.22381	-6.29477	6.67643
-0.307525	-6.2497	6.72898	-0.255789	-6.28857	6.69484
-0.280453	-6.28367	6.71215	-0.285213	-6.2801	6.71529
-0.250578	-6.31549	6.69715	-0.311786	-6.26956	6.73761
-0.218199	-6.34495	6.68417	-0.335245	-6.25719	6.76161
-0.183641	-6.37189	6.67336	-0.355354	-6.24322	6.78707
-0.147247	-6.39615	6.66487	-0.371912	-6.22792	6.81378
-0.109382	-6.41762	6.65881	-0.384754	-6.21157	6.84149
-0.0704243	-6.43622	6.65527	-0.393752	-6.19445	6.86995
-0.0307629	-6.45187	6.65433	-0.398815	-6.17685	6.89892
0.00920587	-6.46455	6.65601	-0.399894	-6.15907	6.92812
0.0490827	-6.47425	6.66033	-0.396977	-6.14141	6.95729
0.0884691	-6.48101	6.66729	-0.390094	-6.12416	6.98617
0.126971	-6.48488	6.67685	-0.379313	-6.10762	7.01449
0.164205	-6.48594	6.68892	-0.364742	-6.09208	7.04199
0.199798	-6.48432	6.70344	-0.346527	-6.0778	7.06843
0.233395	-6.48014	6.72028	-0.324849	-6.06505	7.09356
0.26466	-6.47359	6.7393	-0.299925	-6.05408	7.11715
0.29328	-6.46485	6.76034	-0.272005	-6.04511	7.13899
0.31897	-6.45412	6.78323	-0.241367	-6.03836	7.15888
0.341473	-6.44165	6.80775	-0.208317	-6.034	7.17665
0.360564	-6.42768	6.83369	-0.173186	-6.0322	7.19215
0.376053	-6.41247	6.86083	-0.136324	-6.0331	7.20522
0.387784	-6.3963	6.8889	-0.0981008	-6.0368	7.21578
0.39564	-6.37945	6.91767	-0.0588969	-6.04339	7.22372
0.399544	-6.36222	6.94686	-0.0191046	-6.05291	7.22899
0.399455	-6.3449	6.97622	0.0208787	-6.06539	7.23156
0.395375	-6.32778	7.00546	0.0606533	-6.08083	7.23142
0.387344	-6.31115	7.03433	0.0998219	-6.09918	7.22859
0.375444	-6.29531	7.06255	0.137993	-6.12038	7.22312
0.359792	-6.28054	7.08987	0.174786	-6.14434	7.21508
0.340545	-6.2671	7.11603	0.209832	-6.17094	7.20458
0.317895	-6.25524	7.1408	0.242781	-6.20002	7.19173
0.292069	-6.2452	7.16395	0.273305	-6.23142	7.17668
0.263325	-6.23722	7.18526	0.301098	-6.26494	7.1596
0.23195	-6.23147	7.20454	0.325882	-6.30037	7.14069
0.198258	-6.22815	7.22162	0.34741	-6.33747	7.12016
0.162584	-6.2274	7.23635	0.365467	-6.376	7.09822
0.125286	-6.22935	7.24859	0.379873	-6.41568	7.07511
0.0867359	-6.23409	7.25825	0.390483	-6.45625	7.0511
0.0473193	-6.24171	7.26524	0.397191	-6.49741	7.02643
0.00742995	-6.25224	7.26951	0.399931	-6.53889	7.00138
-0.0325336	-6.2657	7.27104	0.398675	-6.58038	6.97622
-0.0721722	-6.28207	7.26983	0.393435	-6.62161	6.95123
-0.11109	-6.30131	7.2659	0.384264	-6.66227	6.92666
-0.148897	-6.32334	7.25931	0.371254	-6.70209	6.9028
-0.185217	-6.34806	7.25015	0.354535	-6.74079	6.87989
-0.219686	-6.37535	7.23853	0.334273	-6.77812	6.85821
-0.25196	-6.40505	7.22457	0.310671	-6.81382	6.83797
-0.281716	-6.43698	7.20843	0.283965	-6.84766	6.81942
-0.308658	-6.47095	7.1903	0.254421	-6.87944	6.80275
-0.332516	-6.50674	7.17037	0.222336	-6.90896	6.78816
-0.353051	-6.54411	7.14885	0.188029	-6.93606	6.77583
-0.370059	-6.58282	7.12598	0.151843	-6.96059	6.76588
-0.383369	-6.62258	7.10201	0.11414	-6.98243	6.75846
-0.392849	-6.66314	7.07719	0.075297	-7.0015	6.75365
-0.398404	-6.70421	7.05179	0.0357013	-7.01772	6.75153
-0.399977	-6.7455	7.02609	-0.00425102	-7.03108	6.75215
-0.397555	-6.78672	7.00035	-0.0441609	-7.04156	6.75552
-0.39116	-6.82759	6.97486	-0.0836295	-7.04919	6.76163
-0.380857	-6.86782	6.94989	-0.122263	-7.05401	6.77044
-0.366748	-6.90713	6.92571	-0.159674	-7.05612	6.78189
-0.348975	-6.94527	6.90258	-0.19549	-7.05561	6.7959
-0.327715	-6.98197	6.88075	-0.229353	-7.05263	6.81233
-0.303181	-7.01699	6.86047	-0.260924	-7.04732	6.83105
-0.275617	-7.05012	6.84195	-0.289888	-7.03988	6.85189
-0.2453	-7.08114	6.8254	-0.315956	-7.0305	6.87467
-0.212532	-7.10989	6.81102	-0.338866	-7.0194	6.89918
-0.17764	-7.13619	6.79895	-0.358391	-7.00683	6.9252
-0.140973	-7.15992	6.78935	-0.374335	-6.99303	6.95248
-0.102897	-7.18096	6.78234	-0.386539	-6.97828	6.98077
-0.0637939	-7.19924	6.778	-0.39488	-6.96284	7.0098
-0.0240529	-7.2147	6.7764	-0.399276	-6.94699	7.03932
0.0159284	-7.22732	6.77758	-0.399683	-6.93102	7.06903
0.0557505	-7.2371	6.78155	-0.396096	-6.91522	7.09866
0.0950155	-7.24408	6.78828	-0.388551	-6.89987	7.12792
0.133331	-7.2483	6.79774	-0.377124	-6.88524	7.15655
0.170315	-7.24987	6.80984	-0.361929	-6.8716	7.18427
0.205597	-7.2489	6.82449	-0.343118	-6.85922	7.21081
0.238824	-7.24552	6.84157	-0.320879	-6.84835	7.23593
0.269665	-7.2399	6.86091	-0.295433	-6.83921	7.25939
0.297812	-7.23222	6.88235	-0.267035	-6.83202	7.28097
0.322983	-7.22269	6.90569	-0.23597	-6.82698	7.30046
